1763513966944 0.5680977020631818 0
1763513967507 0.47581851339953785 1
1763513968032 0.41989966446314664 2
1763513968562 0.4066747056512052 3
1763513969095 0.4227926743298988 4
1763513969597 0.2898554224247003 5
1763513970152 0.3714984522666782 6
1763513970658 0.3058539283913834 7
1763513973800 0.3147762021159424 8
1763513974336 0.40872008439071256 9
1763513974950 0.32238863939967227 10
1763513975510 0.34768116904545904 11
1763513976043 0.3178471467005746 12
1763513976647 0.26149953891153394 13
1763513977204 0.2768282344451804 14
1763513977750 0.18147132212213954 15
1763513978248 0.1498558219652349 16
1763513978753 0.09948776459136485 17
1763513979236 0.20102025222577674 18
1763513979757 0.14051404392161845 19
1763513980261 0.16434337369933286 20
1763513980775 0.10461013009925783 21
1763513981396 0.13420387355119387 22
1763513982065 0.06419517331489581 23
1763513982578 0.05893166755028206 24
1763513983091 0.09792257943798391 25
1763513983688 0.1641933106507435 26
1763513984649 0.10736390630058047 27
1763513985264 0.16821304431933265 28
1763513985867 0.38546496541847075 29
1763513986522 0.14680831122420976 30
1763513987212 0.03907315093045541 31
1763513987828 0.07287503238908624 32
1763513988435 0.18191635218510568 33
1763513989036 0.06533093215094755 34
1763513989593 0.003362037154789398 35
1763513990159 0.15385076012941734 36
1763513990755 0.06265567883308583 37
1763513991394 0.17069246384712375 38
1763513992036 0.05729104230640052 39
1763513992588 0.06316098662072737 40
1763513993191 0.4014876788923549 41
1763513993757 0.2242563182598507 42
1763513994399 0.21811493792376815 43
1763513994973 0.1569243942739216 44
1763513995547 0.047350350747044155 45
1763513996151 0.04963104342245702 46
1763513996737 0.13069602167064764 47
1763513997375 0.35255729417344006 48
1763513998048 0.15363039787767133 49
1763513998776 0.1001779733601057 50
1763513999436 0.11202463552206823 51
1763514000198 0.06167949881637469 52
1763514000947 0.04474981395779811 53
1763514001587 0.044808194419066937 54
