1763515191452 0.5220224171438638 0
1763515192178 0.43169114845530954 1
1763515193233 0.3844053114161772 2
1763515193916 0.41617100420134034 3
1763515194547 0.34519743579713735 4
1763515195087 0.340422583202941 5
1763515195609 0.5105004381758216 6
1763515196292 0.2971566592699246 7
1763515197068 0.305481203023673 8
1763515197665 0.387092013939229 9
1763515198274 0.2937541355358382 10
1763515198833 0.3925215812324656 11
1763515199706 0.2553386593336815 12
1763515200519 0.2779472221479998 13
1763515201034 0.16175051598282367 14
1763515201557 0.12949643473171712 15
1763515202420 0.1811114211433211 16
1763515203505 0.1299752073468613 17
1763515204571 0.11146053117408883 18
1763515205222 0.17367443658697404 19
1763515205779 0.16164693128581242 20
1763515206346 0.003922668935368112 21
1763515207080 0.1032132971124477 22
1763515208115 0.026877252812803763 23
1763515208933 0.188966240722948 24
1763515209952 0.1287214461767957 25
1763515210826 0.11269299242335631 26
1763515211574 0.08095012345823788 27
1763515212361 0.07443870318392702 28
1763515213083 0.1901659109916021 29
1763515213853 0.053395149660740146 30
1763515214679 0.0026415018783154665 31
1763515215530 0.10486226221249073 32
1763515216227 0.20528829068023377 33
1763515216848 0.0014125072885850815 34
1763515217371 0.053762389690746204 35
1763515218146 0.0523602340820028 36
1763515218664 0.0016308967009107994 37
1763515219170 0.0011310914516049226 38
1763515219768 0.19294618316753792 39
1763515220425 0.05724398158776346 40
1763515221137 0.05207830638172548 41
1763515221785 0.0010790000003052067 42
1763515222424 0.0008740007285054804 43
1763515223049 0.0005654095499159987 44
1763515226354 0.0007743732279082263 45
1763515227036 0.0010233098619210068 46
1763515227592 0.13665606198500266 47
1763515228371 0.14995997128498323 48
