1763513897091 0.5798804379780503 0
1763513897504 0.5220568026142085 1
1763513897912 0.48527174138957085 2
1763513898232 0.4655297375558054 3
1763513898709 0.4420012742185089 4
1763513899071 0.3818610570366111 5
1763513899404 0.3438574684961863 6
1763513899757 0.3223695171661401 7
1763513900131 0.29758380584569427 8
1763513900481 0.24538418589680291 9
1763513900841 0.28182015122044557 10
1763513901185 0.23535290149191176 11
1763513904145 0.16444057526464081 12
1763513904560 0.2522890075060251 13
1763513904949 0.19503714504004593 14
1763513905384 0.12639465340223122 15
1763513905782 0.13348248864178244 16
1763513906157 0.12877397988931455 17
1763513906551 0.08826924159160733 18
1763513906977 0.13511994478240547 19
1763513907402 0.11441492823295822 20
1763513907776 0.08275607538127909 21
1763513908119 0.049130930871208824 22
1763513908434 0.0543706383474166 23
1763513908765 0.13025689317167716 24
1763513909085 0.1349558802695516 25
1763513909472 0.1331627762173786 26
1763513909882 0.05035946260442656 27
1763513910258 0.10211464360177427 28
1763513910640 0.02512162589498664 29
1763513911101 0.08654805034645024 30
1763513911501 0.08763111041772016 31
1763513911884 0.135288237473132 32
1763513912231 0.1289641692150968 33
1763513912605 0.06335180261838586 34
1763513912908 0.0014884526793888225 35
1763513913231 0.1016193465993504 36
1763513913553 0.026954237944972405 37
1763513913888 0.037110904041984374 38
1763513914238 0.07292298338862725 39
1763513914647 0.06734412971145369 40
1763513915044 0.030436314301027778 41
1763513915403 0.11517787000873876 42
1763513915766 0.07147810316735773 43
1763513916195 0.0031009160066513258 44
1763513916604 0.07795738945072331 45
1763513916999 0.03765670704817627 46
1763513917374 0.012089538188239898 47
1763513917757 0.14290529009610964 48
1763513918133 0.11500375404109692 49
1763513918499 0.004588432397169714 50
1763513918879 0.01778966260018385 51
1763513919233 0.05183948872340238 52
1763513919645 0.028855342019115222 53
1763513920085 0.1251439530027533 54
1763513920438 0.06189613778306245 55
1763513920766 0.04351262642509823 56
1763513921092 0.06635507297333565 57
1763513921434 0.10671032098369855 58
1763513921763 0.030906058390589707 59
1763513922100 0.0004921029153789271 60
1763513922450 7.22804399578248e-05 61
1763513922782 0.14095855680890884 62
1763513923127 0.14872162083511184 63
1763513923545 0.050899422684084324 64
1763513923884 0.03242781719216439 65
1763513924253 0.2036356320889785 66
1763513924599 0.041992492346387716 67
1763513924961 0.09544612178879947 68
1763513925346 0.012486657735609608 69
1763513925724 0.0032739090226943757 70
1763513926116 0.1070886762586468 71
1763513926516 0.03073137433194638 72
1763513926863 0.0001478637680249636 73
1763513927280 0.06429984451979298 74
1763513927663 0.04017130918431883 75
1763513928029 0.09427446376918003 76
1763513928394 0.10930956016325932 77
1763513928771 0.10464820909968953 78
1763513929168 0.09135751964938657 79
1763513929547 0.03960397906512087 80
1763513929873 0.0072310768934721785 81
1763513930200 0.01718407454105338 82
1763513930528 0.00945154641782634 83
1763513930910 0.02019123594915119 84
1763513931286 0.07052185522994811 85
1763513931662 0.09597391113614077 86
1763513932021 0.02765177173075291 87
1763513932405 0.05092012555623929 88
1763513932759 0.0034369169341925297 89
1763513933085 0.00020939679894999333 90
1763513933444 9.032239497635117e-05 91
1763513933816 0.02584308802707236 92
1763513934173 0.3080258704132638 93
1763513934610 0.19522891126943864 94
1763513934946 0.009989740215056908 95
1763513935299 0.06508122715905644 96
1763513935657 0.06458219877763836 97
1763513935994 0.14249088333947355 98
1763513938942 0.0741264499097678 99
