1763515137076 0.5837932005524635 0
1763515137452 0.4766384290312143 1
1763515138018 0.44507865498171134 2
1763515138384 0.3847308568930363 3
1763515138758 0.32438511278836385 4
1763515139140 0.28356741968994303 5
1763515139444 0.30321164324071587 6
1763515139751 0.29370800632408217 7
1763515140097 0.2400224258256939 8
1763515140406 0.2667674785308704 9
1763515140727 0.2078051073990269 10
1763515141050 0.18845842889020467 11
1763515141496 0.14426416551834656 12
1763515141823 0.20930364721297176 13
1763515142211 0.16321819346579586 14
1763515142545 0.21233124247801777 15
1763515142857 0.18757684552538728 16
1763515143176 0.14310134032326888 17
1763515143483 0.11356291617095635 18
1763515143812 0.16741736559325707 19
1763515144137 0.17486184553191003 20
1763515144459 0.13890285465640773 21
1763515144772 0.10536538428866205 22
1763515145102 0.10498854523500674 23
1763515145485 0.09187319553733259 24
1763515145811 0.11370517733902329 25
1763515146154 0.04119591931890575 26
1763515146522 0.11861403026833774 27
1763515147125 0.08490294021992346 28
1763515147598 0.11804419439222864 29
1763515148048 0.12753082003462837 30
1763515148503 0.08152660360701702 31
1763515148833 0.09018166223310853 32
1763515149191 0.11271060652440129 33
1763515149556 0.07207094829682854 34
1763515149889 0.04346182499134824 35
1763515150209 0.018423568178591535 36
1763515150519 0.06076277295273137 37
1763515150908 0.0124584560223331 38
1763515151269 0.2174322462440293 39
1763515151575 0.024178411602212478 40
1763515151885 0.09122868712730077 41
1763515152223 0.05066781842730747 42
1763515152566 0.025701220122869017 43
1763515152899 0.0966652032997351 44
1763515153257 0.13972046855422057 45
1763515156282 0.03347919084360322 46
1763515156845 0.025078697146428193 47
1763515157243 0.04161398640967959 48
1763515157644 0.08382817308328118 49
1763515157974 0.024437020985283865 50
1763515158413 0.24830669518849605 51
1763515158818 0.06291172738895391 52
1763515159168 0.0010584443873172483 53
1763515159548 0.20195406659090723 54
1763515159894 0.09275036976354091 55
1763515160220 0.06535254018392406 56
1763515160553 0.013797173541261747 57
1763515160902 6.21796193343016e-05 58
1763515161421 6.0311886145695206e-05 59
1763515161760 0.002209377292348837 60
1763515162115 7.062128629379859e-05 61
1763515162415 0.036472695314685666 62
1763515162732 0.009195400138195583 63
1763515163104 0.11352426782483646 64
1763515163450 0.05281128507282313 65
1763515163780 0.019981547000345674 66
1763515164110 0.00141482314387531 67
1763515164433 0.05606774913379762 68
1763515164749 0.0012638434272368632 69
1763515165197 0.07470370511460842 70
1763515165626 0.0063651321897319904 71
1763515166090 0.12747111356462656 72
1763515166638 0.14976545988906598 73
1763515167026 0.06577375176125788 74
1763515167451 0.1398924500810296 75
