1763004028946 1.061723852098869 0
1763004031212 1.0452887081160334 1
1763004032721 1.0420399744228777 2
1763004034288 1.037617881603429 3
1763004036079 1.0313653603856787 4
1763004037668 1.0230877991086744 5
1763004038812 0.9988134628152613 6
1763004040069 0.9439080689340976 7
1763004041268 0.8859909910873827 8
1763004042368 0.831542970952142 9
1763004043479 0.7845173773213561 10
1763004047927 0.7634713902996091 11
1763004049379 0.7457059573363788 12
1763004050521 0.7262108666556222 13
1763004051584 0.7160303145647049 14
1763004052696 0.6979754236824994 15
1763004053827 0.6984438569528129 16
1763004054920 0.6874949656096585 17
1763004056064 0.6748691609340348 18
1763004057154 0.6701945297676941 19
1763004058249 0.6689772353383708 20
1763004059418 0.6609983051498535 21
1763004060863 0.6540792624057807 22
1763004062099 0.6491359066346596 23
1763004063238 0.6476349245591704 24
1763004064325 0.637856917868694 25
1763004065429 0.6366146605443485 26
1763004066502 0.6366699609556808 27
1763004067619 0.6331963595645181 28
1763004068756 0.6244637488291181 29
1763004069865 0.6236750152457524 30
1763004071000 0.6098630025322214 31
1763004072646 0.6103107743515757 32
1763004073748 0.6104649669431114 33
1763004074839 0.5985483726844412 34
1763004075978 0.6004337841654058 35
1763004077174 0.6007568489741809 36
1763004078262 0.5976739538273788 37
1763004079359 0.5837941865615657 38
1763004084129 0.5829861035634731 39
1763004085237 0.5832642199370661 40
1763004086327 0.5802312438270728 41
1763004087702 0.584745268956781 42
1763004088782 0.5824331483377024 43
1763004089904 0.5734750771610607 44
1763004091000 0.5782064617854621 45
1763004092071 0.5792738283649453 46
1763004093181 0.575819240855466 47
1763004094280 0.5664876811022829 48
1763004095355 0.5721796528605992 49
1763004096497 0.5695259087338236 50
1763004097608 0.5623982329233527 51
1763004099014 0.5634705052880818 52
1763004100094 0.5669192556530384 53
1763004101186 0.5606843958347302 54
1763004102287 0.5538216220040627 55
1763004103773 0.5503473919013451 56
1763004105519 0.5545993196259579 57
1763004107098 0.5529587847258657 58
1763004108404 0.546697436955762 59
1763004109778 0.5367333493356047 60
1763004111796 0.5477983176414603 61
1763004113367 0.5448521256740457 62
1763004114719 0.5430718749541367 63
1763004119641 0.5335461580254174 64
1763004120823 0.5331705684952548 65
1763004122031 0.5485766139523737 66
1763004124852 0.5355617332781477 67
1763004126671 0.5460750692583657 68
1763004127903 0.5316820483783196 69
1763004129140 0.5317833906617658 70
1763004130511 0.5295969929747981 71
1763004132043 0.5323337437263851 72
1763004133159 0.5227173228789432 73
1763004134453 0.5241943827550399 74
1763004135668 0.5154217781471502 75
1763004136958 0.5239093928354714 76
1763004028946 1.061723852098869 0
