1763514869009 0.6630395666203078 0
1763514869350 0.4655560727833825 1
1763514869703 0.43986992602346137 2
1763514870051 0.4109350835548385 3
1763514870477 0.36743571368210454 4
1763514870884 0.3364044399726588 5
1763514871327 0.32561863853719414 6
1763514871740 0.2628069088369718 7
1763514872137 0.293117406695862 8
1763514872504 0.2775362149182269 9
1763514872853 0.23282852994367098 10
1763514873242 0.2828133733907153 11
1763514873589 0.24287511582438395 12
1763514873936 0.21403940346841838 13
1763514874318 0.21186568624312607 14
1763514874708 0.23518913707897915 15
1763514875126 0.17941496909043053 16
1763514875571 0.16764714046054424 17
1763514875944 0.15286261206347262 18
1763514876279 0.24464722075443954 19
1763514878326 0.1467098750620019 20
1763514878704 0.1820024901563182 21
1763514879107 0.20988109684271072 22
1763514879498 0.09751594063431292 23
1763514880015 0.11089480781351192 24
1763514880375 0.11127358800299322 25
1763514880763 0.10095266387200835 26
1763514881119 0.20238867036031855 27
1763514881497 0.13978801459057544 28
1763514881880 0.1623929917729102 29
1763514882251 0.19283800057564804 30
1763514882609 0.008728157159861012 31
1763514883068 0.0997871556812296 32
1763514883499 0.13748335536630454 33
1763514883895 0.08285325277944032 34
1763514884235 0.05377930296100096 35
1763514884643 0.1574272539403142 36
1763514885016 0.09915298517239535 37
1763514885371 0.04085203229703224 38
1763514885715 0.10149199679401189 39
1763514886048 0.11202253563792777 40
1763514886413 0.07816023412215145 41
1763514886811 0.07836103287628007 42
1763514887205 0.06958929323453798 43
1763514887634 0.06177397231585795 44
1763514888029 0.042656881168762296 45
1763514888433 0.0056139697623005785 46
1763514888839 0.09914538182283483 47
1763514889343 0.06333014465611969 48
1763514889798 0.07307999339475908 49
1763514890253 0.05728520686371125 50
1763514890594 0.026718150438926735 51
1763514890958 0.005771271221745752 52
1763514891286 0.06717629056651016 53
1763514891643 0.005749555863178222 54
1763514892013 0.03632489660351974 55
1763514892510 0.00017754591940853087 56
1763514892951 0.013311129099533633 57
