1763000568594 1.0613795972516384 0
1763000571008 1.0415167708702275 1
1763000575367 1.0374663003853388 2
1763000577621 1.029218740944792 3
1763000579216 1.0006018094534945 4
1763000580765 0.9451487375597648 5
1763000582219 0.8932838560325171 6
1763000584024 0.8454975723633038 7
1763000585377 0.8041574903603258 8
1763000586966 0.7713107366867253 9
1763000588350 0.7464965674383887 10
1763000589940 0.7246522261884999 11
1763000591794 0.7043343521104071 12
1763000593249 0.6991909787132236 13
1763000594364 0.6895742593287247 14
1763000595666 0.678215210954544 15
1763000596992 0.6669734926352947 16
1763000598145 0.6597575554119542 17
1763000599222 0.6580697563775068 18
1763000600380 0.6452357619266792 19
1763000601680 0.6388478917734963 20
1763000603224 0.6392039890800204 21
1763000604534 0.6359885096403178 22
1763000605607 0.6242349141190204 23
1763000609282 0.6184748171879153 24
1763000610442 0.6140302778611629 25
1763000611483 0.6183984507187247 26
1763000612512 0.6035027714638874 27
1763000613680 0.6152589521531401 28
1763000614735 0.6065035134994338 29
1763000615763 0.6060362317291974 30
1763000616832 0.5962771111227608 31
1763000618201 0.5955373018686407 32
1763000619263 0.5872240451169132 33
1763000620381 0.5874638266751332 34
1763000621484 0.592901119751296 35
1763000622515 0.5855649571700636 36
1763000623739 0.5821604772007524 37
1763000624859 0.5692391584219016 38
1763000626044 0.5747745750572881 39
1763000627188 0.5686525062387213 40
1763000628203 0.5629392044224175 41
1763000629646 0.5664465686517396 42
1763000630634 0.5700770364019084 43
1763000631620 0.5604331896369681 44
1763000632687 0.5652027544129659 45
1763000633691 0.5507497993742891 46
1763000634785 0.5501928753747142 47
1763000635829 0.5407546040019379 48
1763000636879 0.5500738584055689 49
1763000638010 0.5486781305720654 50
1763000639025 0.5532798209213858 51
1763000640337 0.5458271190010268 52
1763000644080 0.5406571229543592 53
1763000645244 0.5515383945897295 54
1763000646331 0.5494611300711562 55
1763000647346 0.5400736591058412 56
1763000648350 0.536859968319315 57
1763000649332 0.5423188967804603 58
1763000650398 0.5390733778476715 59
1763000651450 0.5328820158401734 60
1763000652549 0.5335209912854463 61
1763000654165 0.5328615993408147 62
1763000655274 0.5314284643809783 63
1763000656353 0.5200615003338 64
1763000657422 0.5262367622972709 65
1763000658474 0.5251261116982681 66
1763000659584 0.5249629190255856 67
1763000660679 0.5235188702130552 68
1763000661739 0.5222169458866119 69
1763000662702 0.5234755592172956 70
1763000663773 0.5213983553310333 71
1763000665098 0.5146282182024617 72
1763000666138 0.5200739328570554 73
1763000667184 0.5230457449854888 74
1763000668223 0.5180751031695916 75
1763000568594 1.0613795972516384 0
