1763513939407 0.5402253708966515 0
1763513939857 0.3829185079974944 1
1763513940303 0.3332398346323958 2
1763513940814 0.3109966488007237 3
1763513941276 0.25038169638034613 4
1763513941729 0.2423012079559746 5
1763513942186 0.19397880564108216 6
1763513942627 0.11732836840297643 7
1763513943036 0.11183594698634218 8
1763513943451 0.08691733838863644 9
1763513943882 0.019627357575004948 10
1763513944308 0.05693999984899111 11
1763513944751 0.1338525969964822 12
1763513945236 0.026998181672217257 13
1763513945664 0.11026377297040359 14
1763513946069 0.05209711881241888 15
1763513946485 0.03163950095382889 16
1763513946890 0.004257806046125016 17
1763513947299 0.055245301910819014 18
1763513947707 0.04411321161018457 19
1763513948115 0.00924715848211289 20
1763513948534 0.029125286381606524 21
1763513948942 0.2281008062793583 22
1763513949376 0.048116672789761006 23
1763513949788 0.10233660219573186 24
1763513950198 0.01980593280488981 25
1763513950610 0.06958480585594504 26
1763513951036 0.07103465170331112 27
1763513951443 0.03985968322638869 28
1763513951852 0.015652704601092516 29
1763513952265 0.05383886863715174 30
1763513952675 0.09076701126436734 31
1763513953084 0.04724354777872845 32
1763513953494 0.0014791093736836475 33
1763513953940 0.00013357852838801002 34
1763513954319 0.000244597184726391 35
1763513954697 0.059150307707802635 36
1763513955074 0.020293268049342447 37
1763513955463 0.06437347364776341 38
1763513955880 0.04480102697014926 39
1763513956277 0.20324026163763498 40
1763513956656 0.13510168026218305 41
1763513957075 0.06772903367758477 42
1763513957483 0.022748482600390803 43
1763513957915 7.290067898846995e-05 44
1763513958334 0.00015100582417329968 45
1763513958733 0.00011735555862327708 46
1763513959159 7.172676911563137e-05 47
1763513959559 5.387130811547703e-05 48
1763513959967 8.68923414413182e-05 49
1763513960401 0.09251608874126639 50
1763513960828 0.08389795454259202 51
1763513961249 0.09293312689820755 52
1763513961704 0.06815354707172486 53
1763513962128 0.000261739388577098 54
1763513962538 0.012684816186027974 55
1763513962980 5.199725841929221e-05 56
1763513963390 8.726689146368805e-05 57
1763513963801 5.666160903923115e-05 58
1763513964215 0.23302665132063746 59
1763513964634 0.06215450117443478 60
1763513965048 0.11936833361186044 61
1763513965464 0.13964013879866435 62
1763513965925 0.11760471841700885 63
1763513966361 0.006420612701671256 64
