1763003876886 1.0477280422971753 0
1763003879282 1.0400900733588365 1
1763003880902 1.0322630233658945 2
1763003882563 1.0060348654615467 3
1763003884226 0.9441276995712901 4
1763003885623 0.8865894422742534 5
1763003887019 0.8352619030792725 6
1763003888393 0.807446059481851 7
1763003890065 0.7737556810449497 8
1763003891932 0.7440980853411951 9
1763003893322 0.7293338420355848 10
1763003894868 0.7160717356087539 11
1763003896675 0.6969626596555334 12
1763003898195 0.6864283697064875 13
1763003899520 0.6729753788175254 14
1763003900890 0.6711087595359445 15
1763003905357 0.6557236183159457 16
1763003906709 0.6511571915278881 17
1763003908056 0.6481600738511297 18
1763003909426 0.6399478675990269 19
1763003910733 0.6401524835179004 20
1763003912616 0.6328927141251822 21
1763003914014 0.6251938792285073 22
1763003915504 0.6166831475907358 23
1763003916999 0.6229597315412437 24
1763003918793 0.6079352196361044 25
1763003920448 0.6068803174742337 26
1763003921863 0.6059520953688128 27
1763003923414 0.6015079301125897 28
1763003925226 0.5987177166005073 29
1763003926709 0.6048458808748592 30
1763003928578 0.585937534353416 31
1763003930049 0.5925854243374811 32
1763003931448 0.5869532907978067 33
1763003932844 0.5836013071055483 34
1763003934270 0.5787422831716209 35
1763003935461 0.5826058410511815 36
1763003936577 0.5760732701259293 37
1763003941394 0.5773898929797957 38
1763003942532 0.5711735435600939 39
1763003943671 0.5763993560533806 40
1763003944796 0.5682699107771436 41
1763003946316 0.5646731760995142 42
1763003947490 0.569796155973021 43
1763003948650 0.5642673922289768 44
1763003949760 0.5584956917709905 45
1763003950834 0.5641086683631531 46
1763003951959 0.5527078236265136 47
1763003953184 0.547910319540301 48
1763003954297 0.5502928157745324 49
1763003955421 0.5586065334345907 50
1763003956562 0.5498594897868011 51
1763003958136 0.5455134426578513 52
1763003959256 0.5452794281426322 53
1763003960378 0.5377507983463738 54
1763003961515 0.5442237188957008 55
1763003876886 1.0477280422971753 0
