1763229962355 1.092109203338623 0
1763229963045 1.0523964166641235 1
1763229963837 1.0449237823486328 2
1763229964611 1.0406490564346313 3
1763229965328 1.036756992340088 4
1763229966070 1.0327693223953247 5
1763229966797 1.0286803245544434 6
1763229967871 1.0185582637786865 7
1763229968906 1.0012348890304565 8
1763229969818 0.9738277196884155 9
1763229970806 0.9301538467407227 10
1763229971681 0.896094560623169 11
1763229972565 0.8535787463188171 12
1763229973399 0.8149879574775696 13
1763229974349 0.7770327925682068 14
1763229975235 0.7454161047935486 15
1763229976081 0.7138344049453735 16
1763229976897 0.6857985854148865 17
1763229977752 0.6765432357788086 18
1763229978681 0.6609051823616028 19
1763229979502 0.6403494477272034 20
1763229980361 0.6345709562301636 21
1763229981376 0.6312643885612488 22
1763229982444 0.6208046078681946 23
1763229983361 0.6198340058326721 24
1763229984385 0.6111370325088501 25
1763229985361 0.6009804010391235 26
1763229986323 0.6033917665481567 27
1763229987277 0.5916857123374939 28
1763229988181 0.5908690094947815 29
1763229989266 0.5792291760444641 30
1763229990480 0.5779630541801453 31
1763229991454 0.5837109088897705 32
1763229994507 0.5724119544029236 33
1763229995201 0.567287266254425 34
1763229996109 0.5654066801071167 35
1763229996799 0.5670557022094727 36
1763229997451 0.5694670081138611 37
1763229998129 0.5571072697639465 38
1763229998883 0.5598986744880676 39
1763229999699 0.5523526668548584 40
1763230000565 0.5487431287765503 41
1763230001375 0.5453352928161621 42
1763230002049 0.5493970513343811 43
1763230002728 0.5456900000572205 44
1763230003442 0.5408830046653748 45
1763230004230 0.5436088442802429 46
1763230005004 0.5393878817558289 47
1763230005670 0.5398080945014954 48
1763230006356 0.5380470156669617 49
1763230007009 0.5294027924537659 50
1763230007682 0.5389231443405151 51
1763230008352 0.5242539644241333 52
1763230008975 0.5326481461524963 53
1763230009607 0.5231307744979858 54
1763230010241 0.5206438899040222 55
1763230010863 0.5245215892791748 56
1763230011493 0.5200108289718628 57
1763230012129 0.5174742937088013 58
1763230012818 0.5227591395378113 59
1763230013483 0.5152184367179871 60
1763230014169 0.5143355131149292 61
1763230014847 0.5124735236167908 62
1763230015491 0.5164411067962646 63
1763230016144 0.5076279044151306 64
1763230016957 0.5041753649711609 65
1763230017680 0.5045367479324341 66
1763230018375 0.5072610378265381 67
1763230019002 0.500404953956604 68
1763230019664 0.5017080903053284 69
1763230020315 0.49683886766433716 70
1763230020973 0.5052644610404968 71
1763230021671 0.49552440643310547 72
1763230022320 0.5020446181297302 73
1763230022953 0.4977293610572815 74
1763230023623 0.49392643570899963 75
1763230024260 0.4926448464393616 76
1763230024893 0.4904167652130127 77
1763230025525 0.4942410886287689 78
1763229962355 1.092109203338623 0
