1763229962355 0.4471212923526764 0
1763229963045 0.4914562702178955 1
1763229963837 0.49237993359565735 2
1763229964611 0.49468904733657837 3
1763229965328 0.49568966031074524 4
1763229966070 0.5001539587974548 5
1763229966797 0.5036945939064026 6
1763229967871 0.511006772518158 7
1763229968906 0.5200892686843872 8
1763229969818 0.5344057679176331 9
1763229970806 0.5547260046005249 10
1763229971681 0.5688885450363159 11
1763229972565 0.5973675847053528 12
1763229973399 0.6127616763114929 13
1763229974349 0.6313885450363159 14
1763229975235 0.647090494632721 15
1763229976081 0.656326949596405 16
1763229976897 0.6637930870056152 17
1763229977752 0.6741071343421936 18
1763229978681 0.6823430061340332 19
1763229979502 0.685960590839386 20
1763229980361 0.6932727694511414 21
1763229981376 0.6964285969734192 22
1763229982444 0.7007389068603516 23
1763229983361 0.6989685893058777 24
1763229984385 0.7068965435028076 25
1763229985361 0.7065116763114929 26
1763229986323 0.7074353694915771 27
1763229987277 0.7115917205810547 28
1763229988181 0.7127463221549988 29
1763229989266 0.7181342244148254 30
1763229990480 0.7174414992332458 31
1763229991454 0.7164409160614014 32
1763229994507 0.7192118167877197 33
1763229995201 0.721751868724823 34
1763229996109 0.7245997786521912 35
1763229996799 0.7215209603309631 36
1763229997451 0.721828818321228 37
1763229998129 0.7270628213882446 38
1763229998883 0.7249845862388611 39
1763229999699 0.7304494976997375 40
1763230000565 0.7304494976997375 41
1763230001375 0.7330664992332458 42
1763230002049 0.7330664992332458 43
1763230002728 0.7366071343421936 44
1763230003442 0.7375307679176331 45
1763230004230 0.7322968244552612 46
1763230005004 0.7368380427360535 47
1763230005670 0.7378386855125427 48
1763230006356 0.7370689511299133 49
1763230007009 0.7406865954399109 50
1763230007682 0.738916277885437 51
1763230008352 0.7403017282485962 52
1763230008975 0.7409944534301758 53
1763230009607 0.7431496381759644 54
1763230010241 0.7497690916061401 55
1763230010863 0.7443041801452637 56
1763230011493 0.7486145496368408 57
1763230012129 0.7476909160614014 58
1763230012818 0.7516933679580688 59
1763230013483 0.749923050403595 60
1763230014169 0.7467672228813171 61
1763230014847 0.7522321343421936 62
1763230015491 0.7495381832122803 63
1763230016144 0.7559267282485962 64
1763230016957 0.749923050403595 65
1763230017680 0.7547721862792969 66
1763230018375 0.7497690916061401 67
1763230019002 0.7519242763519287 68
1763230019664 0.7522321343421936 69
1763230020315 0.7586976885795593 70
1763230020973 0.7533866763114929 71
1763230021671 0.7590824961662292 72
1763230022320 0.7543103694915771 73
1763230022953 0.7553879022598267 74
1763230023623 0.7606989145278931 75
1763230024260 0.758004903793335 76
1763230024893 0.7643934488296509 77
1763230025525 0.7596213221549988 78
1763229962355 0.4471212923526764 0
