1763002203282 1.0675160526642071 0
1763002206386 1.047026388457256 1
1763002207815 1.0422267090217234 2
1763002209251 1.0370495893391483 3
1763002210386 1.0257060703972878 4
1763002211372 1.0037277998595402 5
1763002212769 0.9445670639059226 6
1763002216769 0.8900643121726407 7
1763002218184 0.8351021875888843 8
1763002219684 0.7863801416798766 9
1763002220947 0.7585603797377036 10
1763002221919 0.7437952585114634 11
1763002223285 0.7218674276703096 12
1763002224364 0.7075881429493721 13
1763002225499 0.6973375935713059 14
1763002226719 0.688304251124119 15
1763002227791 0.6787740519921768 16
1763002228980 0.6706162431263571 17
1763002230198 0.6589338416096024 18
1763002231350 0.6603274799039212 19
1763002232407 0.6462155581988724 20
1763002233636 0.6490848984183937 21
1763002234966 0.6426244435345598 22
1763002236038 0.6334389912083819 23
1763002237031 0.6272323817161504 24
1763002238048 0.6234926675340812 25
1763002238981 0.6241316600092526 26
1763002239969 0.6174980495216811 27
1763002240918 0.6145658805012115 28
1763002241924 0.6057225898128425 29
1763002242919 0.6045657869043022 30
1763002243878 0.6046106930583569 31
1763002245193 0.5991556553417826 32
1763002246158 0.5936246070221727 33
1763002247127 0.5891847056267884 34
1763002248072 0.5926618484293886 35
1763002251908 0.5971172694942634 36
1763002252871 0.5823696217513437 37
1763002253852 0.5790685589237167 38
1763002254833 0.5749941802964422 39
1763002255884 0.5684320233725562 40
1763002256896 0.5713991610140636 41
1763002258232 0.5687532830120895 42
1763002259197 0.5727473627317128 43
1763002260247 0.5590143853367255 44
1763002261251 0.5630891763518009 45
1763002262250 0.565211376386323 46
1763002263270 0.5576418778432414 47
1763002264386 0.5586446878211252 48
1763002203282 1.0675160526642071 0
