1763514936541 0.5582956730881158 0
1763514937369 0.39988235775929165 1
1763514938327 0.41803375724703074 2
1763514939004 0.412717392846175 3
1763514939886 0.35176457442781506 4
1763514940709 0.3573933472062516 5
1763514941503 0.42787683601080273 6
1763514942102 0.3620349734761369 7
1763514942883 0.4214312832542312 8
1763514943602 0.42724991983542326 9
1763514944168 0.3955989854670513 10
1763514944652 0.40414014277527766 11
1763514945216 0.4038177254739875 12
1763514948374 0.33616225719657344 13
1763514949227 0.24103173419066212 14
1763514949953 0.2738915776289479 15
1763514950827 0.17230618520304286 16
1763514951676 0.22896342861178495 17
1763514952526 0.22031357391353915 18
1763514953164 0.16572100038534057 19
1763514953725 0.08016878483142457 20
1763514954470 0.10021310664374408 21
1763514955250 0.07846765636350028 22
1763514955791 0.2003126534892705 23
1763514956534 0.0669613041134332 24
1763514957265 0.0034256982972318143 25
1763514957815 0.002893577676064417 26
1763514958420 0.002256588165918776 27
1763514959121 0.20825878251515165 28
1763514959760 0.04984574002746205 29
1763514960359 0.19586359598435912 30
1763514960856 0.15200760672643596 31
1763514961305 0.1033941964395875 32
1763514961860 0.13706683313413284 33
1763514962335 0.12014466640368268 34
1763514962975 0.0020779377424760778 35
1763514963594 0.1348805123304962 36
1763514964210 0.05447363637743846 37
1763514964726 0.06380466141833013 38
1763514965421 0.038852452868976636 39
1763514966259 0.04673804927016831 40
1763514967003 0.0014615700749666704 41
1763514967676 0.1317936067129374 42
1763514968205 0.054817031015023956 43
1763514968731 0.26255267970159096 44
1763514969349 0.044910924246591204 45
1763514970007 0.0015550729819070136 46
1763514970475 0.0009801922794983565 47
1763514970965 0.001623915905624659 48
1763514971473 0.21262686371215644 49
1763514971976 0.0022928870197146726 50
1763514972549 0.001405460836715921 51
1763514973183 0.07251975459193465 52
1763514973888 0.000816930154167708 53
1763514974391 0.0011053721040405113 54
1763514974890 0.0008879803797967992 55
1763514975578 0.0006081728026722832 56
1763514976218 0.0009761054232191836 57
1763514976854 0.0013855768086828261 58
1763514977313 0.0007732497884209058 59
1763514977801 0.10316009665416459 60
1763514978373 0.5567521138937884 61
1763514979080 0.4517988260776131 62
1763514979909 0.11574822053775921 63
1763514983198 0.13009787747226736 64
1763514983736 0.19342334052094778 65
1763514984243 0.12368925778625506 66
1763514984742 0.05144168907605383 67
1763514985272 0.0010240002241463278 68
1763514985757 0.0012876922021271585 69
1763514986261 0.0009431610539703636 70
1763514987114 0.0010675175616035953 71
1763514987749 0.00035810510513222064 72
1763514988376 0.0005135994798258573 73
1763514988961 0.0008969096602948626 74
1763514989597 0.0004873708047759518 75
1763514990188 0.0004386885022728058 76
1763514990818 0.0002738306866577285 77
1763514991457 0.004581612340844539 78
1763514992046 0.08598467234143674 79
1763514992691 0.0006135055751014186 80
1763514993281 0.00046695211038053563 81
1763514993936 0.00016828579523863642 82
1763514994614 0.0001960143889485099 83
1763514995248 0.0002573522119612736 84
1763514995838 0.00021589728702137482 85
1763514996432 0.0004621265606822496 86
1763514997021 0.00017262040354553928 87
1763514997630 0.00017328679285309162 88
1763514998272 9.52838650488609e-05 89
1763514998864 0.00020006433851115028 90
1763514999490 0.0001067059417172967 91
1763515000083 9.915104089941451e-05 92
1763515000742 0.00019112956273742757 93
1763515001305 0.00010818428298661916 94
1763515001929 4.8112252703363615e-05 95
1763515002551 0.00012389471639551175 96
1763515003129 4.9483115243814986e-05 97
1763515003760 0.00019006173271621078 98
1763515004514 0.00022264381540454078 99
