1763515167950 0.5787552465849063 0
1763515168436 0.4468540403964546 1
1763515168911 0.3306630617007613 2
1763515169388 0.2763733470449498 3
1763515169871 0.29381582364337244 4
1763515170355 0.26722761680481627 5
1763515170815 0.18914983551846543 6
1763515171386 0.1542223093809512 7
1763515172004 0.1373900851189426 8
1763515172525 0.09803688642996884 9
1763515172981 0.13709938770240543 10
1763515173384 0.09646175750779495 11
1763515173839 0.09186478396013091 12
1763515174508 0.13848935490354694 13
1763515174949 0.055629670459358536 14
1763515175390 0.16272136903578083 15
1763515175790 0.07581930173236127 16
1763515176280 0.09064581116891691 17
1763515176717 0.020842210750850104 18
1763515177218 0.08928054579412086 19
1763515177710 0.05430154384853 20
1763515178157 0.13475864293179576 21
1763515178649 0.05172676346972045 22
1763515179179 0.1224658317376666 23
1763515179703 0.03869341456731276 24
1763515180152 0.09668353747003815 25
1763515180593 0.0640112916864703 26
1763515180989 0.09571025637346257 27
1763515181390 0.024516488268264927 28
1763515181789 0.00031710053045732337 29
1763515182479 0.04250156932174404 30
1763515183024 0.019037862009072877 31
1763515183448 0.0007357961482525485 32
1763515183989 0.00025330014948528567 33
1763515184457 0.08825382887041944 34
1763515184865 0.07477082829017062 35
1763515185306 0.06256889934441541 36
1763515185773 0.04841457632827475 37
1763515186242 0.00023835764878800975 38
1763515186723 0.08994834018300052 39
1763515187210 0.1212269550247209 40
1763515187722 0.13170575997696018 41
1763515188234 0.1576731652613449 42
