1763003783921 1.0484820940518027 0
1763003786276 1.038062692128966 1
1763003787557 1.0207564460820164 2
1763003789092 0.9641537338935683 3
1763003790236 0.8974105400111287 4
1763003791334 0.8335921931736575 5
1763003792635 0.7935833443561798 6
1763003793771 0.7543655411510045 7
1763003798508 0.7308329017144706 8
1763003799585 0.7077277551584056 9
1763003800664 0.6954807785197432 10
1763003801764 0.675775023810382 11
1763003803354 0.6720231314157618 12
1763003804637 0.6616912990661677 13
1763003805770 0.6571830487603625 14
1763003806922 0.6468538126628387 15
1763003808075 0.6388325512115591 16
1763003809167 0.6362842212022819 17
1763003810260 0.6243612231145351 18
1763003811350 0.6138356625299736 19
1763003812425 0.6099021470752256 20
1763003813521 0.6156047321305487 21
1763003814913 0.6034877069771584 22
1763003816012 0.6124032553046795 23
1763003817077 0.5919002795160697 24
1763003818217 0.6016870003028456 25
1763003819417 0.5837410529846041 26
1763003820511 0.5925550965840006 27
1763003821577 0.5883760353174116 28
1763003822706 0.5844738871740003 29
1763003823793 0.5807300654097731 30
1763003825068 0.5765816663286368 31
1763003826613 0.5688131876620166 32
1763003827725 0.5706433277265192 33
1763003828830 0.5612556696525348 34
1763003829909 0.5687146059838422 35
1763003834335 0.5674637894471878 36
1763003835422 0.5602438838904714 37
1763003836570 0.5675895828478442 38
1763003783921 1.0484820940518027 0
