1763226254577 1.0994564673583496 0
1763226256202 1.0460283509616195 1
1763226257698 1.0400085707603417 2
1763226259083 1.0355146850271177 3
1763226260463 1.0270896910740237 4
1763226261889 1.0005784483965983 5
1763226263326 0.9604365128308094 6
1763226264481 0.9084493381342864 7
1763226265789 0.8469565466706976 8
1763226267082 0.8139876535373368 9
1763226268489 0.7748762542391058 10
1763226269863 0.7570127957853777 11
1763226271887 0.7324024837445743 12
1763226273193 0.716725185073068 13
1763226274882 0.7060156984282244 14
1763226276286 0.6949756615267598 15
1763226277647 0.690922954546407 16
1763226279066 0.682446755138524 17
1763226283290 0.6719654381568796 18
1763226284559 0.6673081035684483 19
1763226285850 0.6526631782648011 20
1763226287370 0.6539253175552255 21
1763226288988 0.6429715412737701 22
1763226290149 0.6448258392035667 23
1763226291889 0.6337812691926956 24
1763226293908 0.6264907971685156 25
1763226295230 0.6330591209709938 26
1763226296911 0.6242407190388647 27
1763226298178 0.6181158112187691 28
1763226299722 0.6039409296853202 29
1763226300953 0.606226249501623 30
1763226302139 0.6084438701862185 31
1763226305227 0.6019610772872793 32
1763226306999 0.6059917094819064 33
1763226308818 0.5954250445213224 34
1763226310213 0.5965178605958159 35
1763226311469 0.585588176115393 36
1763226313480 0.5907735125771885 37
1763226315363 0.5833610242663934 38
1763226319487 0.5778961486270275 39
1763226321058 0.5770569982493452 40
1763226322930 0.5780365798860935 41
1763226325053 0.56072568651197 42
1763226326610 0.5655962232445261 43
1763226328190 0.5738453536198057 44
1763226329831 0.5655969238927212 45
1763226331424 0.5597018777149652 46
1763226332988 0.5709058582929555 47
1763226334577 0.5594525257942125 48
1763226336218 0.5590172017295959 49
1763226337763 0.5527818549442761 50
1763226339377 0.5474144086755556 51
1763226341423 0.5473939478397369 52
1763226343089 0.5495050955435326 53
1763226344697 0.5563242354710114 54
1763226346336 0.5499078792157431 55
1763226347897 0.5481432288738307 56
1763226349448 0.5406574549639753 57
1763226353876 0.5477041817210578 58
1763226355540 0.5453249561081966 59
1763226357162 0.542589715842543 60
1763226359932 0.5453120878177323 61
1763226361716 0.543958108853824 62
1763226363298 0.5297597375849785 63
1763226364874 0.5333325240412369 64
1763226366415 0.5305428260873104 65
1763226367906 0.5285751818142501 66
1763226369482 0.533498560193137 67
1763226371039 0.5334460835885532 68
1763226372636 0.5276223844642123 69
1763226374181 0.5334367962012737 70
1763226375872 0.5230500090665418 71
1763226377841 0.5250683369968325 72
1763226379402 0.5307962405564163 73
1763226381087 0.5170559728967732 74
1763226382684 0.520128330793874 75
1763226384332 0.5247329915759011 76
1763226254577 1.0994564673583496 0
