1763514893397 0.5700472691096365 0
1763514893916 0.39179973037201254 1
1763514894379 0.29586441140375375 2
1763514895018 0.2581449228523792 3
1763514895539 0.23875330244225232 4
1763514896034 0.1375205307798323 5
1763514896467 0.1355710315213347 6
1763514896946 0.16588627436174327 7
1763514897321 0.060156597379639555 8
1763514897894 0.07155262535182855 9
1763514898334 0.10833777128851473 10
1763514898784 0.12324768970146953 11
1763514899435 0.08329243027722388 12
1763514899862 0.05428349255292714 13
1763514900285 0.1156421990297745 14
1763514900654 0.1324850002207206 15
1763514900999 0.005801111187365142 16
1763514901351 0.06352394455221014 17
1763514901696 0.07162786292979838 18
1763514902053 0.02486665085373662 19
1763514902402 0.07798399312003526 20
1763514902775 0.1620803375278282 21
1763514903145 0.01953349743539815 22
1763514903519 0.0659172037640019 23
1763514903936 0.004994704273565944 24
1763514904301 0.11976554616523358 25
1763514904796 0.10137588070055618 26
1763514905217 0.03482306352899447 27
1763514905677 0.16723436736717356 28
1763514906093 0.12435611649865518 29
1763514906723 0.050185880074209044 30
1763514907214 0.0008806535509339644 31
1763514907744 0.09741546725101269 32
1763514908257 0.04569917605098293 33
1763514908745 0.059416375930635805 34
1763514909167 0.0027639891605451125 35
1763514909557 0.00022412728486977037 36
1763514909920 0.012048565514038167 37
1763514910283 0.09683723773779253 38
1763514913430 0.07208873770991217 39
1763514914640 0.0713626133066595 40
1763514915341 0.06061172855536303 41
1763514916062 0.00017939091601620557 42
1763514917040 0.00021023577565582694 43
1763514917715 0.0472096150930049 44
1763514918363 0.051344525834792876 45
1763514919101 0.0002482463166536357 46
1763514919834 0.00045631993237173126 47
1763514920528 6.823094538871748e-05 48
1763514921024 6.161187245618963e-05 49
1763514921520 6.274601825934416e-05 50
1763514922092 5.0625480036066673e-05 51
1763514922538 5.383242874673295e-05 52
1763514923093 6.267169767263968e-05 53
1763514923445 0.17934189334230452 54
1763514924011 0.03142825308598209 55
1763514924449 0.12308909013762392 56
1763514924838 0.08778590007556672 57
1763514925203 0.07016556299686272 58
1763514925789 0.009949994343073473 59
1763514926347 0.09355166941390829 60
1763514926720 0.12573978071330819 61
1763514927093 0.13211756787597673 62
1763514927433 0.001933303241551531 63
1763514927818 0.03756933361736969 64
1763514928165 0.0003175832121221046 65
1763514928508 0.0021761848602098407 66
1763514928861 0.028385003518479834 67
1763514929221 0.01266040299114312 68
1763514929560 7.049607134239763e-05 69
1763514929915 4.807383831796549e-05 70
1763514930349 2.5719221710573947e-05 71
1763514931137 2.2793897214261745e-05 72
1763514931675 2.167430178236801e-05 73
1763514932081 0.13834137889009124 74
1763514932532 0.0005263371676704764 75
1763514933263 0.07365603356903204 76
1763514933911 0.0996354410472164 77
1763514934596 0.09058509345755664 78
1763514935142 9.763622302221406e-05 79
1763514935973 0.0003385353596205973 80
